
--------------------------------
-   Nivel 5, nivel 6 y nivel 7   -
--------------------------------


Level 0: [119, 123, 97, 121, 106, 113, 136, 123, 134, 136]
Level 1: [85, 147, 110, 90, 128, 153, 104, 105, 76, 73]
Level 2: [67, 66, 84, 68, 55, 74, 98, 82, 70, 62]



--------------------------------
-   Nivel 8, nivel 9 y nivel 10   -
--------------------------------


Level 0: [154, 109, 101, 78, 83, 103, 118, 76, 141, 89]
Level 1: [97, 97, 141, 89, 83, 116, 130, 110, 136, 108]
Level 2: [79, 83, 120, 87, 166, 95, 93, 138, 114, 114]



--------------------------------
-   Nivel 11, nivel 12 y nivel 13   -
--------------------------------


Level 0: [73, 144, 71, 103, 123, 155, 77, 115, 73, 62]
Level 1: [98, 93, 68, 102, 77, 142, 124, 55, 79, 116]
Level 2: [123, 186, 108, 115, 150, 152, 124, 148, 140, 173]



--------------------------------
-   Nivel 14, nivel 14 y nivel 14   -
--------------------------------


Level 0: [121, 101, 124, 119, 105, 105, 150, 143, 134, 125]
Level 1: [153, 159, 124, 177, 95, 111, 120, 100, 97, 136]
Level 2: [128, 145, 172, 167, 165, 155, 187, 108, 147, 179]
